Train_Epoch: 0 .. batch: 0/931 .. : loss_GRL: -10.067358016967773.. : loss_mae: 1.0055855512619019.. : loss_mse: 2.8511815071105957..
Train_Epoch: 0 .. batch: 0/931 .. : loss_GRL: -10.067358016967773.. : loss_mae: 1.0055855512619019.. : loss_mse: 2.8511815071105957..
